         (
            (
               (
                  ( -166.0  -38.0 )
                  ( -111.0  -60.0 )
                  ( -70.0  -51.0 )
                  ( -53.0  -30.0 )
                  ( -47.0  8.0 )
                  ( -49.0  31.0 )
                  ( -61.0  61.0 )
                  ( -84.0  76.0 )
                  ( -148.0  58.0 )
                  ( -163.0  29.0 )
                  ( -138.0  37.0 )
                  ( -127.0  25.0 )
                  ( -128.0  20.0 )
                  ( -115.0  34.0 )
                  ( -102.0  29.0 )
                  ( -97.0  8.0 )
                  ( -108.0  -6.0 )
                  ( -126.0  -2.0 )
                  ( -130.0  8.0 )
                  ( -147.0  -2.0 )
                  ( -159.0  -1.0 )
                  ( -165.0  3.0 ))))
