         (
            (
               (
                  ( -166.0  -37.0 )
                  ( -110.0  -60.0 )
                  ( -70.0  -51.0 )
                  ( -54.0  -30.0 )
                  ( -46.0  -9.0 )
                  ( -47.0  8.0 )
                  ( -62.0  -9.0 )
                  ( -82.0  -3.0 )
                  ( -86.0  13.0 )
                  ( -76.0  30.0 )
                  ( -57.0  33.0 )
                  ( -49.0  30.0 )
                  ( -61.0  60.0 )
                  ( -84.0  76.0 )
                  ( -148.0  58.0 )
                  ( -164.0  29.0 )
                  ( -139.0  37.0 )
                  ( -127.0  25.0 )
                  ( -131.0  5.0 )
                  ( -154.0  -4.0 )
                  ( -165.0  3.0 ))))
