         (
            (
               (
                  ( -112.0  -60.0 )
                  ( -176.0  -10.0 )
                  ( -145.0  47.0 )
                  ( -71.0  47.0 )
                  ( -50.0  -24.0 ))
               (
                  ( -115.0  -18.0 )
                  ( -121.0  -8.0 )
                  ( -112.0  -3.0 )
                  ( -105.0  -6.0 )
                  ( -105.0  -14.0 ))
               (
                  ( -91.0  20.0 )
                  ( -100.0  20.0 )
                  ( -100.0  30.0 )
                  ( -92.0  31.0 )
                  ( -87.0  24.0 ))))
