         (
            (
               (
                  ( 440.0  160.0 )
                  ( 940.0  160.0 )
                  ( 940.0  220.0 )
                  ( 500.0  220.0 )
                  ( 500.0  520.0 )
                  ( 800.0  520.0 )
                  ( 800.0  480.0 )
                  ( 540.0  480.0 )
                  ( 540.0  260.0 )
                  ( 940.0  260.0 )
                  ( 940.0  660.0 )
                  ( 440.0  660.0 )
                  ( 440.0  600.0 )
                  ( 900.0  600.0 )
                  ( 900.0  300.0 )
                  ( 580.0  300.0 )
                  ( 580.0  340.0 )
                  ( 860.0  340.0 )
                  ( 860.0  560.0 )
                  ( 440.0  560.0 ))))
