         (
            (
               (
                  ( 220.0  80.0 )
                  ( 720.0  80.0 )
                  ( 720.0  160.0 )
                  ( 300.0  160.0 )
                  ( 300.0  420.0 )
                  ( 580.0  420.0 )
                  ( 580.0  400.0 )
                  ( 320.0  400.0 )
                  ( 320.0  180.0 )
                  ( 720.0  180.0 )
                  ( 720.0  580.0 )
                  ( 220.0  580.0 )
                  ( 220.0  500.0 )
                  ( 660.0  500.0 )
                  ( 660.0  240.0 )
                  ( 360.0  240.0 )
                  ( 360.0  260.0 )
                  ( 640.0  260.0 )
                  ( 640.0  480.0 )
                  ( 220.0  480.0 ))))
