         (
            (
               (
                  ( 33.0  346.0 )
                  ( 7.0  375.0 )
                  ( 33.0  375.0 )
                  ( 47.0  393.0 )
                  ( 64.0  366.0 )
                  ( 88.0  372.0 )
                  ( 85.0  355.0 )
                  ( 66.0  342.0 )
                  ( 71.0  331.0 )
                  ( 57.0  315.0 )
                  ( 50.0  304.0 )
                  ( 42.0  313.0 )
                  ( 36.0  323.0 )))
            (
               (
                  ( 91.0  509.75 )
                  ( 80.0  516.75 )
                  ( 80.0  535.75 )
                  ( 80.0  562.75 )
                  ( 97.0  594.75 )
                  ( 105.0  626.75 )
                  ( 114.0  636.75 )
                  ( 145.0  653.75 )
                  ( 172.0  660.75 )
                  ( 198.0  668.75 )
                  ( 237.0  686.0 )
                  ( 272.0  685.0 )
                  ( 296.0  673.0 )
                  ( 316.0  675.0 )
                  ( 340.0  690.0 )
                  ( 368.0  713.0 )
                  ( 382.0  745.0 )
                  ( 413.0  757.0 )
                  ( 440.0  757.75 )
                  ( 455.0  773.75 )
                  ( 455.0  750.75 )
                  ( 478.0  746.75 )
                  ( 486.0  743.75 )
                  ( 506.0  732.75 )
                  ( 525.0  714.75 )
                  ( 552.0  691.75 )
                  ( 567.0  665.75 )
                  ( 551.0  651.0 )
                  ( 501.0  641.0 )
                  ( 508.0  621.0 )
                  ( 493.0  619.0 )
                  ( 482.0  611.75 )
                  ( 466.0  605.75 )
                  ( 427.0  613.0 )
                  ( 415.0  574.0 )
                  ( 429.0  560.0 )
                  ( 428.0  541.0 )
                  ( 427.0  516.0 )
                  ( 416.0  494.0 )
                  ( 389.0  481.0 )
                  ( 353.0  458.0 )
                  ( 310.0  462.0 )
                  ( 258.0  473.0 )
                  ( 211.0  463.0 )
                  ( 162.0  474.0 )
                  ( 134.0  484.75 )
                  ( 117.0  486.75 )
                  ( 95.0  488.75 )))
            (
               (
                  ( 138.0  125.0 )
                  ( 131.0  148.0 )
                  ( 137.0  179.0 )
                  ( 158.0  212.0 )
                  ( 199.0  246.0 )
                  ( 176.0  305.0 )
                  ( 224.0  345.0 )
                  ( 268.0  365.0 )
                  ( 301.0  364.0 )
                  ( 348.0  369.0 )
                  ( 404.0  366.0 )
                  ( 434.0  360.0 )
                  ( 505.0  345.0 )
                  ( 551.0  337.0 )
                  ( 534.0  322.0 )
                  ( 527.0  301.0 )
                  ( 544.0  270.0 )
                  ( 547.0  245.0 )
                  ( 545.0  239.0 )
                  ( 535.0  218.0 )
                  ( 520.0  198.0 )
                  ( 510.0  185.0 )
                  ( 499.0  161.0 )
                  ( 481.0  175.0 )
                  ( 465.0  159.0 )
                  ( 451.0  158.0 )
                  ( 460.0  136.0 )
                  ( 430.0  110.0 )
                  ( 434.0  76.0 )
                  ( 413.0  76.0 )
                  ( 393.0  73.0 )
                  ( 381.0  62.0 )
                  ( 369.0  74.0 )
                  ( 353.0  75.0 )
                  ( 330.0  78.0 )
                  ( 311.0  71.0 )
                  ( 285.0  66.0 )
                  ( 266.0  44.0 )
                  ( 254.0  53.0 )
                  ( 238.0  65.0 )
                  ( 226.0  81.0 )
                  ( 191.0  90.0 )
                  ( 165.0  90.0 )
                  ( 147.0  93.0 )))
            (
               (
                  ( 511.0  43.0 )
                  ( 491.0  43.0 )
                  ( 499.0  78.0 )
                  ( 507.0  90.0 )
                  ( 527.0  83.0 )
                  ( 546.0  86.0 )
                  ( 542.0  62.0 )
                  ( 527.0  49.0 )))
            (
               (
                  ( 514.0  432.0 )
                  ( 508.0  453.0 )
                  ( 513.0  478.0 )
                  ( 520.0  502.0 )
                  ( 559.0  502.0 )
                  ( 588.0  508.0 )
                  ( 604.0  485.0 )
                  ( 646.0  484.0 )
                  ( 639.0  467.0 )
                  ( 640.0  452.0 )
                  ( 647.0  440.0 )
                  ( 638.0  410.0 )
                  ( 619.0  390.0 )
                  ( 583.0  397.0 )
                  ( 563.0  402.0 )
                  ( 544.0  411.0 )
                  ( 522.0  418.0 )))
            (
               (
                  ( 615.0  81.0 )
                  ( 595.0  81.0 )
                  ( 604.0  108.0 )
                  ( 614.0  127.0 )
                  ( 632.0  138.0 )
                  ( 649.0  146.0 )
                  ( 658.0  156.0 )
                  ( 669.0  144.0 )
                  ( 692.0  137.0 )
                  ( 712.0  129.0 )
                  ( 698.0  117.0 )
                  ( 702.0  107.0 )
                  ( 716.0  93.0 )
                  ( 689.0  64.0 )
                  ( 671.0  71.0 )
                  ( 646.0  72.0 )))
            (
               (
                  ( 801.0  251.0 )
                  ( 791.0  275.0 )
                  ( 798.0  292.0 )
                  ( 809.0  304.0 )
                  ( 823.0  311.0 )
                  ( 837.0  314.0 )
                  ( 836.0  297.0 )
                  ( 843.0  314.0 )
                  ( 852.0  309.0 )
                  ( 867.0  295.0 )
                  ( 889.0  336.0 )
                  ( 919.0  353.0 )
                  ( 920.0  392.0 )
                  ( 908.0  419.0 )
                  ( 924.0  430.0 )
                  ( 948.0  421.0 )
                  ( 967.0  427.0 )
                  ( 978.0  408.0 )
                  ( 970.0  368.0 )
                  ( 973.0  331.0 )
                  ( 1006.0  303.0 )
                  ( 1021.0  285.0 )
                  ( 1040.0  288.0 )
                  ( 1049.0  254.0 )
                  ( 1019.0  232.0 )
                  ( 1043.0  216.0 )
                  ( 1054.0  195.0 )
                  ( 1068.0  183.0 )
                  ( 1070.0  157.0 )
                  ( 1052.0  149.0 )
                  ( 1029.0  152.0 )
                  ( 1011.0  124.0 )
                  ( 1000.0  89.0 )
                  ( 963.0  90.0 )
                  ( 950.0  83.0 )
                  ( 915.0  114.0 )
                  ( 888.0  135.0 )
                  ( 868.0  135.0 )
                  ( 888.0  161.0 )
                  ( 895.0  193.0 )
                  ( 879.0  217.0 )
                  ( 857.0  246.0 )
                  ( 826.0  243.0 ))))
