         (
            (
               (
                  ( 36.3636  357.144 )
                  ( 25.62  360.364 )
                  ( 28.5854  367.398 )
                  ( 39.0  368.0 )
                  ( 49.9752  378.888 )
                  ( 64.0  366.0 )
                  ( 67.299  362.802 )
                  ( 71.188  359.62 )
                  ( 59.6198  357.364 )
                  ( 58.9906  353.962 )
                  ( 55.9854  350.78 )
                  ( 51.0358  352.726 )
                  ( 42.62  357.364 )))
            (
               (
                  ( 114.264  572.948 )
                  ( 109.264  574.948 )
                  ( 116.264  596.948 )
                  ( 129.264  610.946 )
                  ( 141.264  624.946 )
                  ( 162.263  633.946 )
                  ( 180.263  649.946 )
                  ( 205.262  650.946 )
                  ( 241.262  658.946 )
                  ( 267.262  658.946 )
                  ( 298.26  664.946 )
                  ( 316.62  659.364 )
                  ( 341.26  666.946 )
                  ( 375.26  692.946 )
                  ( 396.258  717.946 )
                  ( 412.258  722.944 )
                  ( 429.258  731.944 )
                  ( 442.258  723.944 )
                  ( 453.258  721.944 )
                  ( 467.258  715.946 )
                  ( 473.258  715.946 )
                  ( 491.258  717.946 )
                  ( 506.258  699.946 )
                  ( 528.62  688.364 )
                  ( 530.256  673.946 )
                  ( 520.256  661.946 )
                  ( 512.62  654.364 )
                  ( 493.258  648.946 )
                  ( 479.258  638.946 )
                  ( 463.258  631.946 )
                  ( 443.258  625.946 )
                  ( 427.0  613.0 )
                  ( 408.258  581.948 )
                  ( 403.258  561.948 )
                  ( 411.258  542.948 )
                  ( 416.258  523.948 )
                  ( 397.258  514.948 )
                  ( 375.26  502.948 )
                  ( 342.26  497.948 )
                  ( 333.26  501.948 )
                  ( 271.262  497.948 )
                  ( 230.262  498.948 )
                  ( 204.262  517.948 )
                  ( 169.263  527.948 )
                  ( 144.263  528.948 )
                  ( 128.264  537.948 )
                  ( 120.264  547.948 )
                  ( 116.264  563.948 )))
            (
               (
                  ( 197.263  135.205 )
                  ( 185.263  149.205 )
                  ( 192.263  163.205 )
                  ( 194.263  181.205 )
                  ( 202.262  200.204 )
                  ( 239.262  222.204 )
                  ( 229.262  245.204 )
                  ( 233.262  298.202 )
                  ( 248.262  312.202 )
                  ( 281.262  330.202 )
                  ( 315.26  337.202 )
                  ( 351.26  340.202 )
                  ( 405.258  329.202 )
                  ( 432.258  320.202 )
                  ( 460.258  320.202 )
                  ( 475.258  306.202 )
                  ( 494.258  289.202 )
                  ( 512.256  285.202 )
                  ( 525.256  263.204 )
                  ( 525.256  251.204 )
                  ( 514.256  240.204 )
                  ( 506.258  223.204 )
                  ( 489.258  203.204 )
                  ( 498.258  190.204 )
                  ( 493.258  183.205 )
                  ( 481.0  175.0 )
                  ( 458.258  170.205 )
                  ( 448.258  166.205 )
                  ( 434.0  144.0 )
                  ( 419.258  121.206 )
                  ( 412.258  104.206 )
                  ( 408.258  91.2062 )
                  ( 393.26  86.2062 )
                  ( 377.26  89.2062 )
                  ( 369.26  87.2062 )
                  ( 353.26  102.206 )
                  ( 330.26  109.206 )
                  ( 311.26  121.206 )
                  ( 286.26  120.206 )
                  ( 271.262  107.206 )
                  ( 258.262  105.206 )
                  ( 244.262  111.206 )
                  ( 239.262  123.206 )
                  ( 230.262  134.205 )))
            (
               (
                  ( 519.172  73.7162 )
                  ( 511.95  78.7024 )
                  ( 514.472  82.8288 )
                  ( 527.194  78.989 )
                  ( 538.026  77.4988 )
                  ( 539.288  69.7616 )
                  ( 533.62  71.615 )
                  ( 529.62  70.615 )))
            (
               (
                  ( 548.62  464.364 )
                  ( 540.78  474.834 )
                  ( 550.612  475.606 )
                  ( 561.62  479.364 )
                  ( 587.238  478.69 )
                  ( 596.298  477.34 )
                  ( 599.62  469.364 )
                  ( 609.6  465.004 )
                  ( 618.0  457.0 )
                  ( 621.166  445.726 )
                  ( 616.732  436.666 )
                  ( 608.83  434.352 )
                  ( 590.902  438.208 )
                  ( 581.62  432.364 )
                  ( 569.118  442.448 )
                  ( 556.01  453.052 )
                  ( 551.768  456.522 )))
            (
               (
                  ( 624.362  100.192 )
                  ( 621.618  113.615 )
                  ( 628.78  122.289 )
                  ( 645.618  126.615 )
                  ( 651.938  132.896 )
                  ( 659.892  131.835 )
                  ( 671.618  129.615 )
                  ( 675.448  125.118 )
                  ( 674.034  120.168 )
                  ( 677.394  117.34 )
                  ( 680.618  116.615 )
                  ( 684.618  99.615 )
                  ( 677.216  90.6466 )
                  ( 667.318  91.884 )
                  ( 650.618  93.615 )
                  ( 632.846  98.7782 )))
            (
               (
                  ( 828.43  276.234 )
                  ( 826.128  286.614 )
                  ( 833.68  284.984 )
                  ( 839.93  283.734 )
                  ( 847.68  282.734 )
                  ( 853.128  285.614 )
                  ( 870.428  284.734 )
                  ( 876.428  289.734 )
                  ( 886.128  290.614 )
                  ( 910.428  313.734 )
                  ( 928.128  330.614 )
                  ( 949.13  376.608 )
                  ( 940.13  406.606 )
                  ( 948.63  402.106 )
                  ( 956.128  406.614 )
                  ( 966.63  401.356 )
                  ( 961.88  394.106 )
                  ( 960.128  372.614 )
                  ( 949.88  327.858 )
                  ( 972.63  277.484 )
                  ( 989.38  263.234 )
                  ( 1012.38  257.234 )
                  ( 1014.88  247.236 )
                  ( 1019.0  232.0 )
                  ( 1034.13  215.798 )
                  ( 1045.38  197.049 )
                  ( 1045.63  182.049 )
                  ( 1046.88  166.799 )
                  ( 1019.88  160.049 )
                  ( 1018.38  153.55 )
                  ( 1003.38  145.05 )
                  ( 986.13  133.863 )
                  ( 970.38  133.113 )
                  ( 963.248  135.205 )
                  ( 943.25  144.205 )
                  ( 927.25  157.205 )
                  ( 917.25  167.205 )
                  ( 923.25  177.205 )
                  ( 925.25  196.204 )
                  ( 921.25  223.204 )
                  ( 887.25  260.204 )
                  ( 863.25  266.204 )
                  ( 845.25  266.204 ))))
