         (
            (
               (
                  ( 33.0  346.0 )
                  ( 7.0  375.0 )
                  ( 39.0  368.0 )
                  ( 49.0  384.0 )
                  ( 64.0  366.0 )
                  ( 85.0  370.0 )
                  ( 77.0  356.0 )
                  ( 66.0  342.0 )
                  ( 71.0  331.0 )
                  ( 50.0  329.0 )
                  ( 52.0  311.0 )
                  ( 47.0  322.0 )
                  ( 39.0  335.0 )))
            (
               (
                  ( 91.0  509.75 )
                  ( 80.0  516.75 )
                  ( 80.0  535.75 )
                  ( 80.0  562.75 )
                  ( 97.0  594.75 )
                  ( 105.0  626.75 )
                  ( 114.0  636.75 )
                  ( 145.0  653.75 )
                  ( 172.0  660.75 )
                  ( 198.0  668.75 )
                  ( 237.0  686.0 )
                  ( 272.0  685.0 )
                  ( 296.0  673.0 )
                  ( 316.0  675.0 )
                  ( 340.0  690.0 )
                  ( 368.0  713.0 )
                  ( 382.0  745.0 )
                  ( 413.0  757.0 )
                  ( 440.0  757.75 )
                  ( 455.0  773.75 )
                  ( 455.0  750.75 )
                  ( 478.0  746.75 )
                  ( 486.0  743.75 )
                  ( 506.0  732.75 )
                  ( 525.0  714.75 )
                  ( 552.0  691.75 )
                  ( 567.0  665.75 )
                  ( 551.0  651.0 )
                  ( 501.0  641.0 )
                  ( 508.0  621.0 )
                  ( 493.0  619.0 )
                  ( 482.0  611.75 )
                  ( 466.0  605.75 )
                  ( 427.0  613.0 )
                  ( 415.0  574.0 )
                  ( 429.0  560.0 )
                  ( 428.0  541.0 )
                  ( 427.0  516.0 )
                  ( 416.0  494.0 )
                  ( 389.0  481.0 )
                  ( 353.0  458.0 )
                  ( 310.0  462.0 )
                  ( 258.0  473.0 )
                  ( 211.0  463.0 )
                  ( 162.0  474.0 )
                  ( 134.0  484.75 )
                  ( 117.0  486.75 )
                  ( 95.0  488.75 )))
            (
               (
                  ( 167.0  110.0 )
                  ( 153.0  130.0 )
                  ( 155.0  156.0 )
                  ( 157.0  181.0 )
                  ( 177.0  211.0 )
                  ( 199.0  246.0 )
                  ( 195.0  306.0 )
                  ( 229.0  333.0 )
                  ( 275.0  351.0 )
                  ( 316.0  358.0 )
                  ( 348.0  369.0 )
                  ( 411.0  362.0 )
                  ( 438.0  349.0 )
                  ( 490.0  337.0 )
                  ( 488.0  303.0 )
                  ( 534.0  322.0 )
                  ( 527.0  301.0 )
                  ( 544.0  270.0 )
                  ( 547.0  245.0 )
                  ( 545.0  239.0 )
                  ( 535.0  218.0 )
                  ( 520.0  198.0 )
                  ( 510.0  185.0 )
                  ( 499.0  161.0 )
                  ( 481.0  175.0 )
                  ( 465.0  159.0 )
                  ( 451.0  158.0 )
                  ( 434.0  144.0 )
                  ( 424.0  117.0 )
                  ( 419.0  97.0 )
                  ( 413.0  76.0 )
                  ( 393.0  73.0 )
                  ( 381.0  83.0 )
                  ( 369.0  74.0 )
                  ( 353.0  75.0 )
                  ( 330.0  78.0 )
                  ( 311.0  71.0 )
                  ( 285.0  66.0 )
                  ( 270.0  67.0 )
                  ( 255.0  64.0 )
                  ( 236.0  77.0 )
                  ( 229.0  93.0 )
                  ( 196.0  100.0 )
                  ( 181.0  107.0 )))
            (
               (
                  ( 522.0  63.0 )
                  ( 509.0  65.0 )
                  ( 509.0  78.0 )
                  ( 513.0  84.0 )
                  ( 528.0  80.0 )
                  ( 542.0  80.0 )
                  ( 542.0  62.0 )
                  ( 527.0  49.0 )))
            (
               (
                  ( 528.0  440.0 )
                  ( 518.0  451.0 )
                  ( 535.0  475.0 )
                  ( 535.0  490.0 )
                  ( 556.0  490.0 )
                  ( 581.0  492.0 )
                  ( 604.0  485.0 )
                  ( 621.0  497.0 )
                  ( 614.0  473.0 )
                  ( 618.0  457.0 )
                  ( 625.0  444.0 )
                  ( 630.0  422.0 )
                  ( 615.0  403.0 )
                  ( 585.0  413.0 )
                  ( 572.0  425.0 )
                  ( 559.0  430.0 )
                  ( 541.0  431.0 )))
            (
               (
                  ( 611.0  89.0 )
                  ( 604.0  108.0 )
                  ( 614.0  127.0 )
                  ( 636.088  133.921 )
                  ( 650.088  138.421 )
                  ( 659.588  148.921 )
                  ( 669.0  144.0 )
                  ( 692.0  137.0 )
                  ( 695.088  128.921 )
                  ( 687.0  118.0 )
                  ( 689.0  104.0 )
                  ( 703.0  93.0 )
                  ( 688.0  75.0 )
                  ( 671.0  71.0 )
                  ( 647.0  81.0 )
                  ( 626.0  92.0 )))
            (
               (
                  ( 812.554  256.42 )
                  ( 808.554  277.42 )
                  ( 815.054  289.92 )
                  ( 815.054  301.42 )
                  ( 827.054  299.42 )
                  ( 838.554  296.42 )
                  ( 848.054  294.92 )
                  ( 850.054  305.92 )
                  ( 858.554  298.42 )
                  ( 867.0  295.0 )
                  ( 893.054  324.92 )
                  ( 920.054  342.92 )
                  ( 929.554  384.92 )
                  ( 928.554  410.42 )
                  ( 936.054  414.42 )
                  ( 948.0  421.0 )
                  ( 965.554  417.42 )
                  ( 972.054  399.92 )
                  ( 970.0  368.0 )
                  ( 955.054  328.42 )
                  ( 979.054  278.92 )
                  ( 998.054  270.92 )
                  ( 1020.55  264.92 )
                  ( 1027.05  251.92 )
                  ( 1019.0  232.0 )
                  ( 1043.0  216.0 )
                  ( 1054.0  195.0 )
                  ( 1053.55  182.921 )
                  ( 1056.05  164.421 )
                  ( 1041.05  153.921 )
                  ( 1029.0  152.0 )
                  ( 1011.0  124.0 )
                  ( 995.054  107.421 )
                  ( 966.554  95.921 )
                  ( 955.054  100.421 )
                  ( 923.054  119.421 )
                  ( 904.054  139.921 )
                  ( 884.554  143.421 )
                  ( 888.0  161.0 )
                  ( 900.554  185.421 )
                  ( 897.554  215.92 )
                  ( 866.054  247.42 )
                  ( 833.554  249.42 ))))
