         (
            (
               (
                  ( 37.203  358.092 )
                  ( 27.1406  360.968 )
                  ( 29.578  367.342 )
                  ( 39.0  368.0 )
                  ( 50.078  377.28 )
                  ( 64.0  366.0 )
                  ( 67.299  362.802 )
                  ( 69.2652  360.78 )
                  ( 59.6198  357.364 )
                  ( 58.5778  355.03 )
                  ( 55.8278  352.842 )
                  ( 51.6404  353.78 )
                  ( 43.2654  357.78 )))
            (
               (
                  ( 114.264  572.948 )
                  ( 109.264  574.948 )
                  ( 116.264  596.948 )
                  ( 129.264  610.946 )
                  ( 141.264  624.946 )
                  ( 162.263  633.946 )
                  ( 180.263  649.946 )
                  ( 205.262  650.946 )
                  ( 241.262  658.946 )
                  ( 267.262  658.946 )
                  ( 298.26  664.946 )
                  ( 316.62  659.364 )
                  ( 341.26  666.946 )
                  ( 375.26  692.946 )
                  ( 396.258  717.946 )
                  ( 412.258  722.944 )
                  ( 429.258  731.944 )
                  ( 442.258  723.944 )
                  ( 453.258  721.944 )
                  ( 467.258  715.946 )
                  ( 473.258  715.946 )
                  ( 491.258  717.946 )
                  ( 506.258  699.946 )
                  ( 528.62  688.364 )
                  ( 530.256  673.946 )
                  ( 520.256  661.946 )
                  ( 512.62  654.364 )
                  ( 493.258  648.946 )
                  ( 479.258  638.946 )
                  ( 463.258  631.946 )
                  ( 443.258  625.946 )
                  ( 427.0  613.0 )
                  ( 408.258  581.948 )
                  ( 403.258  561.948 )
                  ( 411.258  542.948 )
                  ( 416.258  523.948 )
                  ( 397.258  514.948 )
                  ( 375.26  502.948 )
                  ( 342.26  497.948 )
                  ( 333.26  501.948 )
                  ( 271.262  497.948 )
                  ( 230.262  498.948 )
                  ( 204.262  517.948 )
                  ( 169.263  527.948 )
                  ( 144.263  528.948 )
                  ( 128.264  537.948 )
                  ( 120.264  547.948 )
                  ( 116.264  563.948 )))
            (
               (
                  ( 204.844  143.232 )
                  ( 196.856  152.061 )
                  ( 199.799  166.357 )
                  ( 208.208  179.811 )
                  ( 212.832  198.731 )
                  ( 246.888  219.754 )
                  ( 240.162  247.922 )
                  ( 239.742  291.228 )
                  ( 252.354  305.944 )
                  ( 283.048  319.398 )
                  ( 315.0  322.342 )
                  ( 350.738  329.49 )
                  ( 405.396  321.08 )
                  ( 429.362  312.672 )
                  ( 457.952  310.57 )
                  ( 471.826  298.376 )
                  ( 489.906  285.342 )
                  ( 508.406  280.298 )
                  ( 515.132  261.378 )
                  ( 509.668  253.388 )
                  ( 502.52  244.56 )
                  ( 498.316  227.322 )
                  ( 488.224  207.56 )
                  ( 489.486  198.731 )
                  ( 485.282  188.64 )
                  ( 478.554  185.277 )
                  ( 455.01  179.811 )
                  ( 443.236  170.981 )
                  ( 428.942  153.743 )
                  ( 413.386  132.301 )
                  ( 405.818  113.38 )
                  ( 399.51  110.858 )
                  ( 396.146  94.8808 )
                  ( 379.33  98.2444 )
                  ( 371.34  98.6648 )
                  ( 356.624  107.915 )
                  ( 336.444  117.585 )
                  ( 313.32  128.516 )
                  ( 291.036  130.198 )
                  ( 272.956  117.585 )
                  ( 262.446  117.585 )
                  ( 248.57  120.108 )
                  ( 244.786  127.255 )
                  ( 237.218  139.028 )))
            (
               (
                  ( 519.42  77.5686 )
                  ( 519.21  80.0914 )
                  ( 527.194  78.989 )
                  ( 538.026  77.4988 )
                  ( 535.292  73.3642 )
                  ( 533.62  71.615 )
                  ( 529.51  72.4182 )
                  ( 521.102  75.046 )))
            (
               (
                  ( 558.826  467.394 )
                  ( 557.222  472.666 )
                  ( 561.578  472.896 )
                  ( 566.622  472.666 )
                  ( 586.108  474.272 )
                  ( 592.756  471.978 )
                  ( 596.424  467.624 )
                  ( 604.906  459.6 )
                  ( 610.866  453.868 )
                  ( 612.7  448.136 )
                  ( 610.866  443.094 )
                  ( 604.448  441.03 )
                  ( 593.444  446.99 )
                  ( 583.814  449.284 )
                  ( 576.478  452.492 )
                  ( 563.182  455.472 )
                  ( 560.89  459.828 )))
            (
               (
                  ( 632.186  102.603 )
                  ( 630.352  114.065 )
                  ( 634.25  120.484 )
                  ( 645.618  126.615 )
                  ( 652.59  128.508 )
                  ( 659.926  126.444 )
                  ( 661.988  128.966 )
                  ( 664.74  123.693 )
                  ( 664.74  120.255 )
                  ( 673.222  117.962 )
                  ( 675.284  112.46 )
                  ( 677.806  103.29 )
                  ( 671.846  100.539 )
                  ( 665.198  98.0176 )
                  ( 651.214  99.6224 )
                  ( 636.542  101.915 )))
            (
               (
                  ( 858.27  277.07 )
                  ( 854.308  278.912 )
                  ( 864.398  279.542 )
                  ( 872.596  278.702 )
                  ( 877.432  282.276 )
                  ( 863.978  281.856 )
                  ( 876.17  284.588 )
                  ( 880.586  286.06 )
                  ( 892.656  286.69 )
                  ( 898.964  291.104 )
                  ( 921.036  309.814 )
                  ( 934.28  319.064 )
                  ( 949.13  376.608 )
                  ( 949.836  395.9 )
                  ( 953.41  396.11 )
                  ( 957.194  397.792 )
                  ( 956.774  390.854 )
                  ( 957.826  386.44 )
                  ( 956.774  371.514 )
                  ( 948.366  327.158 )
                  ( 963.712  277.23 )
                  ( 984.102  257.68 )
                  ( 1003.23  252.424 )
                  ( 1009.54  244.542 )
                  ( 1015.43  230.246 )
                  ( 1017.95  218.054 )
                  ( 1016.9  205.65 )
                  ( 1016.9  195.56 )
                  ( 1018.37  186.31 )
                  ( 1013.74  179.162 )
                  ( 1008.28  174.327 )
                  ( 999.87  167.811 )
                  ( 989.676  161.718 )
                  ( 976.0  157.555 )
                  ( 962.918  161.718 )
                  ( 948.054  164.096 )
                  ( 940.324  173.609 )
                  ( 940.918  187.285 )
                  ( 936.162  191.447 )
                  ( 934.378  205.718 )
                  ( 935.568  225.34 )
                  ( 895.73  267.556 )
                  ( 874.918  275.88 ))))
