         (
            (
               (
                  ( 176.459  607.116 )
                  ( 170.04  610.784 )
                  ( 185.629  617.202 )
                  ( 204.884  616.286 )
                  ( 212.22  623.622 )
                  ( 238.812  624.538 )
                  ( 252.566  623.622 )
                  ( 271.824  625.456 )
                  ( 304.834  627.288 )
                  ( 325.924  630.04 )
                  ( 354.35  638.292 )
                  ( 389.194  651.13 )
                  ( 415.786  674.054 )
                  ( 433.208  678.638 )
                  ( 446.046  681.39 )
                  ( 456.102  680.158 )
                  ( 463.468  675.888 )
                  ( 461.634  671.304 )
                  ( 467.136  666.718 )
                  ( 462.55  661.216 )
                  ( 459.8  652.964 )
                  ( 454.298  650.212 )
                  ( 445.128  646.546 )
                  ( 433.208  638.292 )
                  ( 413.952  624.538 )
                  ( 376.356  592.444 )
                  ( 365.354  567.686 )
                  ( 365.354  552.098 )
                  ( 359.852  542.012 )
                  ( 359.852  534.676 )
                  ( 351.598  528.258 )
                  ( 342.43  528.258 )
                  ( 335.094  536.51 )
                  ( 292.914  550.264 )
                  ( 267.238  564.936 )
                  ( 240.646  579.608 )
                  ( 216.806  586.942 )
                  ( 189.297  583.274 )
                  ( 181.961  591.528 )
                  ( 176.459  597.03 )))
            (
               (
                  ( 285.506  182.293 )
                  ( 280.494  185.377 )
                  ( 284.35  188.847 )
                  ( 286.278  193.859 )
                  ( 281.796  195.999 )
                  ( 283.58  202.726 )
                  ( 283.58  208.894 )
                  ( 280.88  217.762 )
                  ( 288.976  227.4 )
                  ( 286.664  243.978 )
                  ( 283.194  261.714 )
                  ( 285.506  276.75 )
                  ( 301.7  281.76 )
                  ( 325.218  282.146 )
                  ( 359.916  280.99 )
                  ( 399.24  288.7 )
                  ( 419.674  290.242 )
                  ( 435.866  280.99 )
                  ( 445.89  275.206 )
                  ( 456.298  263.64 )
                  ( 464.01  260.17 )
                  ( 463.624  257.086 )
                  ( 464.396  251.69 )
                  ( 464.01  244.75 )
                  ( 461.696  237.81 )
                  ( 459.768  231.642 )
                  ( 448.974  225.858 )
                  ( 447.046  219.69 )
                  ( 438.178  211.208 )
                  ( 429.698  198.871 )
                  ( 416.588  183.45 )
                  ( 408.492  171.883 )
                  ( 405.794  163.016 )
                  ( 396.156  155.691 )
                  ( 393.072  152.992 )
                  ( 389.216  151.836 )
                  ( 385.36  146.824 )
                  ( 374.566  149.137 )
                  ( 365.698  151.065 )
                  ( 346.036  152.607 )
                  ( 330.228  159.546 )
                  ( 311.338  168.799 )
                  ( 302.084  173.04 )
                  ( 292.832  174.197 )))
            (
               (
                  ( 915.004  263.93 )
                  ( 911.15  268.942 )
                  ( 913.076  268.942 )
                  ( 914.234  272.026 )
                  ( 916.162  273.568 )
                  ( 919.63  277.038 )
                  ( 918.86  278.58 )
                  ( 926.184  280.508 )
                  ( 930.426  280.894 )
                  ( 934.666  282.822 )
                  ( 938.908  279.736 )
                  ( 941.22  277.81 )
                  ( 945.076  278.194 )
                  ( 949.318  275.882 )
                  ( 954.33  270.87 )
                  ( 958.956  262.002 )
                  ( 975.918  244.268 )
                  ( 979.774  242.34 )
                  ( 981.702  236.556 )
                  ( 985.172  230.002 )
                  ( 985.942  225.762 )
                  ( 992.882  222.292 )
                  ( 997.124  213.424 )
                  ( 998.28  206.1 )
                  ( 994.81  203.016 )
                  ( 992.882  198.775 )
                  ( 987.87  194.534 )
                  ( 981.316  194.148 )
                  ( 974.762  188.751 )
                  ( 967.052  187.594 )
                  ( 959.726  188.751 )
                  ( 957.414  192.606 )
                  ( 954.33  198.775 )
                  ( 953.558  203.016 )
                  ( 950.474  212.654 )
                  ( 951.244  233.472 )
                  ( 933.51  248.894 ))))
