         (
            (
               (
                  ( 25.62  360.364 )
                  ( 7.0  375.0 )
                  ( 39.0  368.0 )
                  ( 49.0  384.0 )
                  ( 64.0  366.0 )
                  ( 85.0  370.0 )
                  ( 77.0  356.0 )
                  ( 59.6198  357.364 )
                  ( 61.6198  344.364 )
                  ( 56.6198  347.364 )
                  ( 48.6198  348.364 )
                  ( 42.62  357.364 )
                  ( 36.62  353.364 )))
            (
               (
                  ( 96.6198  527.364 )
                  ( 95.6198  542.364 )
                  ( 95.6198  565.364 )
                  ( 97.0  594.75 )
                  ( 112.62  619.364 )
                  ( 124.62  631.364 )
                  ( 149.62  641.364 )
                  ( 172.0  660.75 )
                  ( 200.62  659.364 )
                  ( 238.62  673.364 )
                  ( 265.62  674.364 )
                  ( 296.0  673.0 )
                  ( 316.62  659.364 )
                  ( 338.62  679.364 )
                  ( 371.62  704.364 )
                  ( 388.62  731.364 )
                  ( 410.62  739.364 )
                  ( 427.62  748.364 )
                  ( 445.62  734.364 )
                  ( 456.62  735.364 )
                  ( 474.62  734.364 )
                  ( 486.62  731.364 )
                  ( 498.62  727.364 )
                  ( 512.62  706.364 )
                  ( 528.62  688.364 )
                  ( 542.62  669.364 )
                  ( 530.62  650.364 )
                  ( 512.62  654.364 )
                  ( 498.62  641.364 )
                  ( 481.62  629.364 )
                  ( 469.62  624.364 )
                  ( 449.62  619.364 )
                  ( 427.0  613.0 )
                  ( 415.0  574.0 )
                  ( 429.0  560.0 )
                  ( 428.0  541.0 )
                  ( 427.0  516.0 )
                  ( 407.62  503.364 )
                  ( 381.62  493.364 )
                  ( 343.62  486.364 )
                  ( 315.62  480.364 )
                  ( 268.62  490.364 )
                  ( 217.62  485.364 )
                  ( 189.62  503.364 )
                  ( 145.62  502.364 )
                  ( 125.62  500.364 )
                  ( 117.62  511.364 )
                  ( 105.62  520.364 )))
            (
               (
                  ( 176.62  146.615 )
                  ( 169.62  168.615 )
                  ( 179.62  185.615 )
                  ( 186.62  216.614 )
                  ( 213.62  240.614 )
                  ( 202.62  302.614 )
                  ( 238.62  316.614 )
                  ( 276.62  344.614 )
                  ( 317.62  348.614 )
                  ( 350.62  352.614 )
                  ( 407.62  343.614 )
                  ( 434.62  334.614 )
                  ( 465.62  327.614 )
                  ( 488.0  303.0 )
                  ( 508.62  290.614 )
                  ( 527.0  301.0 )
                  ( 544.0  270.0 )
                  ( 536.62  251.614 )
                  ( 525.62  239.614 )
                  ( 513.62  217.614 )
                  ( 505.62  201.614 )
                  ( 510.0  185.0 )
                  ( 496.62  173.615 )
                  ( 481.0  175.0 )
                  ( 465.0  159.0 )
                  ( 451.0  158.0 )
                  ( 434.0  144.0 )
                  ( 424.0  117.0 )
                  ( 419.0  97.0 )
                  ( 413.0  76.0 )
                  ( 393.0  73.0 )
                  ( 381.0  83.0 )
                  ( 369.0  74.0 )
                  ( 353.0  75.0 )
                  ( 329.62  96.615 )
                  ( 307.62  105.615 )
                  ( 282.62  104.615 )
                  ( 270.62  93.615 )
                  ( 254.62  81.615 )
                  ( 244.62  94.615 )
                  ( 229.62  105.615 )
                  ( 225.62  119.615 )
                  ( 189.62  120.615 )
                  ( 171.62  120.615 )))
            (
               (
                  ( 517.62  72.615 )
                  ( 509.0  78.0 )
                  ( 513.0  84.0 )
                  ( 528.0  80.0 )
                  ( 542.0  80.0 )
                  ( 542.0  62.0 )
                  ( 533.62  71.615 )
                  ( 529.62  70.615 )))
            (
               (
                  ( 548.62  464.364 )
                  ( 535.0  475.0 )
                  ( 535.0  490.0 )
                  ( 561.62  479.364 )
                  ( 588.62  483.364 )
                  ( 604.0  485.0 )
                  ( 599.62  469.364 )
                  ( 614.0  473.0 )
                  ( 618.0  457.0 )
                  ( 625.0  444.0 )
                  ( 618.618  432.364 )
                  ( 613.62  419.364 )
                  ( 591.62  421.364 )
                  ( 581.62  432.364 )
                  ( 567.62  440.364 )
                  ( 551.62  449.364 )
                  ( 541.62  449.364 )))
            (
               (
                  ( 626.0  92.0 )
                  ( 611.0  89.0 )
                  ( 621.618  113.615 )
                  ( 625.618  124.615 )
                  ( 645.618  126.615 )
                  ( 650.088  138.421 )
                  ( 660.618  137.615 )
                  ( 671.618  129.615 )
                  ( 692.0  137.0 )
                  ( 681.618  128.615 )
                  ( 687.0  118.0 )
                  ( 680.618  116.615 )
                  ( 684.618  99.615 )
                  ( 680.618  87.615 )
                  ( 671.618  81.615 )
                  ( 650.618  93.615 )))
            (
               (
                  ( 829.128  264.614 )
                  ( 821.128  274.614 )
                  ( 826.128  286.614 )
                  ( 826.128  295.614 )
                  ( 831.128  289.614 )
                  ( 838.128  286.614 )
                  ( 853.128  285.614 )
                  ( 866.128  288.614 )
                  ( 874.128  293.614 )
                  ( 886.128  290.614 )
                  ( 906.128  318.614 )
                  ( 928.128  330.614 )
                  ( 945.128  380.614 )
                  ( 928.554  410.42 )
                  ( 936.054  414.42 )
                  ( 956.128  406.614 )
                  ( 965.554  417.42 )
                  ( 972.054  399.92 )
                  ( 960.128  372.614 )
                  ( 955.054  328.42 )
                  ( 979.054  278.92 )
                  ( 998.054  270.92 )
                  ( 1020.55  264.92 )
                  ( 1027.05  251.92 )
                  ( 1019.0  232.0 )
                  ( 1043.0  216.0 )
                  ( 1054.0  195.0 )
                  ( 1053.55  182.921 )
                  ( 1056.05  164.421 )
                  ( 1041.05  153.921 )
                  ( 1029.0  152.0 )
                  ( 1005.13  138.615 )
                  ( 986.128  129.615 )
                  ( 968.128  125.615 )
                  ( 955.128  115.615 )
                  ( 926.128  133.615 )
                  ( 904.054  139.921 )
                  ( 907.128  157.615 )
                  ( 910.128  170.615 )
                  ( 911.128  188.615 )
                  ( 909.128  221.614 )
                  ( 872.128  259.614 )
                  ( 846.128  259.614 ))))
