         (
            (
               (
                  ( 156.254  584.336 )
                  ( 140.207  588.004 )
                  ( 148.002  594.88 )
                  ( 151.211  596.256 )
                  ( 152.128  603.134 )
                  ( 156.713  609.094 )
                  ( 165.882  614.136 )
                  ( 178.72  622.39 )
                  ( 193.85  623.306 )
                  ( 213.106  632.018 )
                  ( 248.41  636.602 )
                  ( 269.5  632.018 )
                  ( 304.804  643.022 )
                  ( 322.226  639.812 )
                  ( 351.11  646.23 )
                  ( 385.038  659.526 )
                  ( 413.464  683.368 )
                  ( 432.72  689.328 )
                  ( 442.806  691.62 )
                  ( 453.352  696.206 )
                  ( 460.21  701.06 )
                  ( 468.62  696.856 )
                  ( 477.028  694.332 )
                  ( 456.102  680.158 )
                  ( 480.862  674.198 )
                  ( 492.782  671.906 )
                  ( 491.864  670.072 )
                  ( 483.154  664.112 )
                  ( 475.818  658.61 )
                  ( 472.608  652.19 )
                  ( 462.522  647.148 )
                  ( 453.81  643.022 )
                  ( 438.222  632.476 )
                  ( 421.258  619.638 )
                  ( 385.954  589.378 )
                  ( 373.576  562.328 )
                  ( 378.62  544.906 )
                  ( 373.118  534.818 )
                  ( 367.616  528.4 )
                  ( 362.114  521.982 )
                  ( 341.94  516.48 )
                  ( 335.522  521.064 )
                  ( 280.962  521.064 )
                  ( 249.326  538.028 )
                  ( 221.36  556.368 )
                  ( 202.102  570.122 )
                  ( 174.135  572.414 )
                  ( 174.135  584.794 )))
            (
               (
                  ( 281.796  195.999 )
                  ( 266.666  199.208 )
                  ( 273.084  207.92 )
                  ( 274.918  219.84 )
                  ( 285.004  229.468 )
                  ( 281.796  245.056 )
                  ( 279.502  266.148 )
                  ( 278.128  283.112 )
                  ( 301.968  288.612 )
                  ( 324.434  285.862 )
                  ( 357.904  287.696 )
                  ( 400.084  296.408 )
                  ( 421.174  296.408 )
                  ( 440.89  288.612 )
                  ( 452.81  283.57 )
                  ( 467.94  272.566 )
                  ( 478.026  266.148 )
                  ( 477.11  262.02 )
                  ( 476.652  254.226 )
                  ( 475.734  246.89 )
                  ( 469.774  237.262 )
                  ( 467.022  231.76 )
                  ( 460.146  222.132 )
                  ( 452.81  219.382 )
                  ( 449.142  209.754 )
                  ( 434.93  196.916 )
                  ( 421.632  182.703 )
                  ( 412.464  169.407 )
                  ( 408.336  160.696 )
                  ( 401.918  152.902 )
                  ( 396.874  141.898 )
                  ( 393.666  140.981 )
                  ( 385.872  142.356 )
                  ( 374.41  142.356 )
                  ( 364.78  144.649 )
                  ( 345.524  142.815 )
                  ( 328.102  153.819 )
                  ( 310.222  162.988 )
                  ( 301.052  165.281 )
                  ( 293.716  164.364 )
                  ( 285.464  167.115 )
                  ( 279.044  170.782 )
                  ( 276.752  178.118 )
                  ( 276.294  186.371 )))
            (
               (
                  ( 581.446  464.876 )
                  ( 580.814  466.138 )
                  ( 584.388  466.978 )
                  ( 587.542  465.718 )
                  ( 591.982  463.966 )
                  ( 593.428  460.252 )
                  ( 593.428  458.36 )
                  ( 591.536  458.78 )
                  ( 592.166  457.308 )
                  ( 593.428  455.628 )
                  ( 592.166  454.786 )
                  ( 585.86  456.468 )
                  ( 583.126  457.52 )
                  ( 582.916  459.622 )
                  ( 582.496  461.092 )
                  ( 582.076  462.144 )
                  ( 581.866  463.826 )))
            (
               (
                  ( 647.184  116.032 )
                  ( 646.554  120.026 )
                  ( 648.236  121.077 )
                  ( 648.866  121.918 )
                  ( 651.598  121.918 )
                  ( 652.86  120.236 )
                  ( 654.122  120.026 )
                  ( 654.332  119.185 )
                  ( 655.804  119.395 )
                  ( 658.748  114.933 )
                  ( 657.484  114.77 )
                  ( 658.116  114.56 )
                  ( 657.064  113.299 )
                  ( 655.592  113.929 )
                  ( 654.542  112.878 )
                  ( 648.866  113.719 )))
            (
               (
                  ( 898.846  267.232 )
                  ( 897.74  268.55 )
                  ( 897.74  269.44 )
                  ( 899.414  271.04 )
                  ( 901.034  271.202 )
                  ( 901.602  272.014 )
                  ( 906.616  269.356 )
                  ( 908.908  275.776 )
                  ( 911.2  277.15 )
                  ( 909.826  281.278 )
                  ( 917.62  284.028 )
                  ( 924.496  288.154 )
                  ( 931.374  289.53 )
                  ( 933.208  287.696 )
                  ( 933.666  289.072 )
                  ( 938.252  290.906 )
                  ( 941.92  287.238 )
                  ( 943.754  285.404 )
                  ( 948.338  285.404 )
                  ( 952.006  285.404 )
                  ( 953.382  281.278 )
                  ( 960.258  267.522 )
                  ( 979.04  247.43 )
                  ( 986.146  242.616 )
                  ( 989.126  238.948 )
                  ( 993.728  229.468 )
                  ( 998.526  221.526 )
                  ( 1001.51  214.42 )
                  ( 1003.57  206.166 )
                  ( 1001.06  195.541 )
                  ( 997.838  192.641 )
                  ( 998.984  188.744 )
                  ( 987.522  186.223 )
                  ( 981.792  182.555 )
                  ( 973.538  178.428 )
                  ( 965.516  177.97 )
                  ( 955.2  179.116 )
                  ( 951.76  181.179 )
                  ( 950.614  195.163 )
                  ( 947.634  197.914 )
                  ( 947.176  210.98 )
                  ( 949.926  229.32 )
                  ( 932.33  244.336 ))))
