         (
            (
               (
                  ( 24.0  345.0 )
                  ( 7.0  375.0 )
                  ( 21.0  383.0 )
                  ( 47.0  393.0 )
                  ( 64.0  366.0 )
                  ( 88.0  372.0 )
                  ( 90.0  349.0 )
                  ( 73.0  334.0 )
                  ( 84.0  323.0 )
                  ( 61.0  308.0 )
                  ( 47.0  291.0 )
                  ( 27.0  291.0 )
                  ( 30.0  318.0 )))
            (
               (
                  ( 72.0  460.75 )
                  ( 47.0  468.0 )
                  ( 57.0  503.0 )
                  ( 60.0  534.0 )
                  ( 67.0  562.75 )
                  ( 75.0  590.0 )
                  ( 82.0  628.75 )
                  ( 86.0  655.0 )
                  ( 122.0  670.0 )
                  ( 157.0  674.75 )
                  ( 186.0  680.0 )
                  ( 233.0  695.0 )
                  ( 272.0  685.0 )
                  ( 293.0  682.75 )
                  ( 316.0  675.0 )
                  ( 331.0  699.75 )
                  ( 347.0  731.75 )
                  ( 370.0  756.75 )
                  ( 404.0  773.75 )
                  ( 415.0  802.75 )
                  ( 428.0  816.75 )
                  ( 462.0  785.75 )
                  ( 484.0  770.75 )
                  ( 486.0  743.75 )
                  ( 506.0  732.75 )
                  ( 525.0  714.75 )
                  ( 552.0  691.75 )
                  ( 567.0  665.75 )
                  ( 587.0  641.75 )
                  ( 608.0  617.75 )
                  ( 544.0  622.75 )
                  ( 504.0  608.75 )
                  ( 482.0  611.75 )
                  ( 466.0  605.75 )
                  ( 427.0  613.0 )
                  ( 415.0  574.0 )
                  ( 429.0  560.0 )
                  ( 428.0  541.0 )
                  ( 435.0  512.0 )
                  ( 416.0  494.0 )
                  ( 393.0  469.0 )
                  ( 351.0  449.0 )
                  ( 318.0  431.0 )
                  ( 257.0  440.0 )
                  ( 207.0  444.0 )
                  ( 158.0  454.0 )
                  ( 127.0  447.75 )
                  ( 97.0  453.0 )))
            (
               (
                  ( 105.0  133.0 )
                  ( 100.0  173.0 )
                  ( 123.0  215.0 )
                  ( 143.0  268.0 )
                  ( 172.0  316.0 )
                  ( 208.0  372.0 )
                  ( 269.0  386.0 )
                  ( 297.0  383.0 )
                  ( 352.0  376.0 )
                  ( 404.0  366.0 )
                  ( 434.0  360.0 )
                  ( 505.0  345.0 )
                  ( 551.0  337.0 )
                  ( 579.0  321.0 )
                  ( 591.0  299.0 )
                  ( 564.0  260.0 )
                  ( 568.0  233.0 )
                  ( 547.0  217.0 )
                  ( 535.0  218.0 )
                  ( 520.0  198.0 )
                  ( 510.0  185.0 )
                  ( 499.0  161.0 )
                  ( 483.0  159.0 )
                  ( 465.0  159.0 )
                  ( 451.0  158.0 )
                  ( 460.0  136.0 )
                  ( 444.0  106.0 )
                  ( 434.0  76.0 )
                  ( 422.0  64.0 )
                  ( 404.0  57.0 )
                  ( 381.0  62.0 )
                  ( 367.0  50.0 )
                  ( 345.0  55.0 )
                  ( 334.0  68.0 )
                  ( 311.0  71.0 )
                  ( 288.0  55.0 )
                  ( 266.0  44.0 )
                  ( 249.0  30.0 )
                  ( 234.0  54.0 )
                  ( 211.0  61.0 )
                  ( 176.0  71.0 )
                  ( 156.0  71.0 )
                  ( 143.0  82.0 )
                  ( 115.0  114.0 )))
            (
               (
                  ( 517.0  394.0 )
                  ( 487.0  420.0 )
                  ( 508.0  453.0 )
                  ( 505.0  488.0 )
                  ( 520.0  502.0 )
                  ( 551.0  522.0 )
                  ( 588.0  508.0 )
                  ( 617.0  496.0 )
                  ( 646.0  484.0 )
                  ( 665.0  480.0 )
                  ( 664.0  460.0 )
                  ( 666.0  431.0 )
                  ( 654.0  394.0 )
                  ( 628.0  372.0 )
                  ( 587.0  377.0 )
                  ( 567.0  377.0 )
                  ( 541.0  392.0 )))
            (
               (
                  ( 491.0  43.0 )
                  ( 488.0  80.0 )
                  ( 499.0  97.0 )
                  ( 522.0  93.0 )
                  ( 546.0  86.0 )
                  ( 542.0  62.0 )
                  ( 527.0  49.0 )
                  ( 511.0  43.0 )))
            (
               (
                  ( 615.0  81.0 )
                  ( 595.0  81.0 )
                  ( 604.0  108.0 )
                  ( 614.0  127.0 )
                  ( 618.0  149.0 )
                  ( 625.0  177.0 )
                  ( 652.0  165.0 )
                  ( 669.0  157.0 )
                  ( 698.0  144.0 )
                  ( 730.0  132.0 )
                  ( 735.0  119.0 )
                  ( 716.0  114.0 )
                  ( 716.0  93.0 )
                  ( 689.0  64.0 )
                  ( 671.0  71.0 )
                  ( 646.0  72.0 )))
            (
               (
                  ( 763.0  244.0 )
                  ( 746.0  287.0 )
                  ( 759.0  323.0 )
                  ( 788.0  339.0 )
                  ( 811.0  374.0 )
                  ( 828.0  375.0 )
                  ( 827.0  332.0 )
                  ( 845.0  321.0 )
                  ( 867.0  295.0 )
                  ( 889.0  336.0 )
                  ( 919.0  353.0 )
                  ( 920.0  392.0 )
                  ( 908.0  419.0 )
                  ( 879.0  444.0 )
                  ( 927.0  451.0 )
                  ( 967.0  427.0 )
                  ( 978.0  408.0 )
                  ( 1006.0  377.0 )
                  ( 973.0  331.0 )
                  ( 1025.0  340.0 )
                  ( 1023.0  322.0 )
                  ( 1040.0  288.0 )
                  ( 1049.0  254.0 )
                  ( 1019.0  232.0 )
                  ( 1043.0  216.0 )
                  ( 1054.0  195.0 )
                  ( 1068.0  183.0 )
                  ( 1070.0  157.0 )
                  ( 1052.0  149.0 )
                  ( 1029.0  152.0 )
                  ( 1011.0  124.0 )
                  ( 1000.0  89.0 )
                  ( 963.0  90.0 )
                  ( 950.0  83.0 )
                  ( 915.0  114.0 )
                  ( 888.0  135.0 )
                  ( 868.0  135.0 )
                  ( 833.0  154.0 )
                  ( 895.0  193.0 )
                  ( 844.0  192.0 )
                  ( 814.0  220.0 )
                  ( 801.0  196.0 )
                  ( 777.0  199.0 ))))
