         (
            (
               (
                  ( 46.5664  361.094 )
                  ( 45.8166  363.094 )
                  ( 45.8166  364.844 )
                  ( 47.8164  367.344 )
                  ( 50.5664  368.094 )
                  ( 56.8162  365.844 )
                  ( 57.5662  363.344 )
                  ( 55.8162  361.094 )
                  ( 55.3164  360.094 )
                  ( 55.3164  359.094 )
                  ( 54.0664  358.344 )
                  ( 52.5664  357.594 )
                  ( 50.3164  359.094 )))
            (
               (
                  ( 135.631  575.768 )
                  ( 129.745  581.654 )
                  ( 129.745  588.382 )
                  ( 137.313  598.472 )
                  ( 142.358  607.722 )
                  ( 155.812  619.494 )
                  ( 172.63  628.744 )
                  ( 186.084  630.426 )
                  ( 208.788  639.676 )
                  ( 244.104  643.038 )
                  ( 274.376  639.676 )
                  ( 297.92  652.288 )
                  ( 314.738  645.562 )
                  ( 351.738  652.288 )
                  ( 387.054  668.266 )
                  ( 408.916  691.81 )
                  ( 428.258  696.014 )
                  ( 442.552  702.742 )
                  ( 450.96  702.742 )
                  ( 460.21  701.06 )
                  ( 468.62  696.856 )
                  ( 477.028  694.332 )
                  ( 493.846  697.696 )
                  ( 496.368  685.924 )
                  ( 506.458  674.152 )
                  ( 505.618  668.266 )
                  ( 494.686  662.38 )
                  ( 490.482  657.334 )
                  ( 482.914  650.606 )
                  ( 472.824  643.88 )
                  ( 456.846  639.676 )
                  ( 443.258  625.946 )
                  ( 424.052  617.812 )
                  ( 390.418  585.86 )
                  ( 379.486  561.474 )
                  ( 391.258  540.452 )
                  ( 380.328  530.362 )
                  ( 374.44  521.952 )
                  ( 370.236  512.702 )
                  ( 342.488  510.18 )
                  ( 334.92  514.384 )
                  ( 276.898  510.18 )
                  ( 247.468  526.156 )
                  ( 216.356  544.656 )
                  ( 188.607  558.11 )
                  ( 169.267  564.838 )
                  ( 144.881  570.724 )
                  ( 146.563  578.292 )))
            (
               (
                  ( 252.514  175.931 )
                  ( 239.06  182.658 )
                  ( 245.786  195.271 )
                  ( 248.31  204.52 )
                  ( 256.718  214.612 )
                  ( 263.444  223.86 )
                  ( 271.012  233.11 )
                  ( 265.968  245.724 )
                  ( 264.286  274.314 )
                  ( 271.012  295.336 )
                  ( 290.354  300.38 )
                  ( 319.784  302.904 )
                  ( 353.418  297.018 )
                  ( 404.712  307.108 )
                  ( 424.894  302.062 )
                  ( 450.96  298.7 )
                  ( 462.734  288.608 )
                  ( 479.55  271.79 )
                  ( 497.21  263.382 )
                  ( 483.756  257.496 )
                  ( 488.8  249.928 )
                  ( 486.278  241.52 )
                  ( 478.71  227.224 )
                  ( 477.028  211.248 )
                  ( 465.256  207.884 )
                  ( 467.778  201.998 )
                  ( 461.892  197.794 )
                  ( 440.87  189.385 )
                  ( 437.506  175.931 )
                  ( 419.008  161.636 )
                  ( 408.076  138.091 )
                  ( 402.19  124.637 )
                  ( 391.258  122.955 )
                  ( 384.532  122.115 )
                  ( 376.964  127.16 )
                  ( 367.714  128.842 )
                  ( 362.668  133.046 )
                  ( 343.328  133.046 )
                  ( 323.148  147.341 )
                  ( 292.876  148.182 )
                  ( 271.012  140.614 )
                  ( 260.922  138.932 )
                  ( 255.036  143.137 )
                  ( 254.196  155.75 )))
            (
               (
                  ( 527.098  77.1036 )
                  ( 526.392  77.1036 )
                  ( 527.194  78.989 )
                  ( 529.396  77.1036 )
                  ( 529.396  76.3966 )
                  ( 528.16  75.6894 )
                  ( 528.16  76.3966 )
                  ( 527.982  75.6894 )))
            (
               (
                  ( 574.982  462.966 )
                  ( 574.482  465.466 )
                  ( 576.232  465.966 )
                  ( 575.232  469.466 )
                  ( 582.982  469.716 )
                  ( 587.732  468.716 )
                  ( 591.982  463.966 )
                  ( 596.732  460.216 )
                  ( 600.232  457.716 )
                  ( 603.482  454.716 )
                  ( 605.232  450.216 )
                  ( 601.732  447.716 )
                  ( 593.732  449.966 )
                  ( 585.482  453.216 )
                  ( 578.982  455.466 )
                  ( 577.482  458.966 )
                  ( 576.232  462.216 )))
            (
               (
                  ( 643.16  114.475 )
                  ( 640.868  120.435 )
                  ( 646.828  122.727 )
                  ( 648.204  124.103 )
                  ( 651.412  125.478 )
                  ( 652.788  122.269 )
                  ( 655.538  121.81 )
                  ( 655.538  121.352 )
                  ( 657.372  120.435 )
                  ( 658.748  114.933 )
                  ( 662.874  113.099 )
                  ( 668.376  107.597 )
                  ( 663.792  105.305 )
                  ( 656.914  109.89 )
                  ( 650.496  110.348 )
                  ( 646.828  110.807 )))
            (
               (
                  ( 897.74  269.44 )
                  ( 892.836  271.374 )
                  ( 896.402  273.454 )
                  ( 898.782  273.158 )
                  ( 900.388  273.476 )
                  ( 900.416  278.062 )
                  ( 899.388  280.476 )
                  ( 900.888  281.476 )
                  ( 902.888  285.476 )
                  ( 911.388  291.476 )
                  ( 922.886  297.476 )
                  ( 931.386  298.976 )
                  ( 932.386  298.976 )
                  ( 934.886  292.476 )
                  ( 938.886  299.976 )
                  ( 942.386  294.476 )
                  ( 945.386  293.476 )
                  ( 947.386  304.476 )
                  ( 951.386  294.976 )
                  ( 952.386  301.476 )
                  ( 958.92  276.168 )
                  ( 979.284  257.29 )
                  ( 998.756  249.41 )
                  ( 1000.69  241.978 )
                  ( 1009.01  229.64 )
                  ( 1012.28  218.27 )
                  ( 1011.84  207.418 )
                  ( 1012.58  197.013 )
                  ( 1013.32  188.243 )
                  ( 1009.16  183.783 )
                  ( 1005.0  177.689 )
                  ( 995.19  172.338 )
                  ( 983.0  171.892 )
                  ( 974.676  165.5 )
                  ( 964.866  167.284 )
                  ( 951.784  169.513 )
                  ( 947.176  178.284 )
                  ( 945.244  190.324 )
                  ( 942.27  194.783 )
                  ( 939.0  209.648 )
                  ( 945.69  228.228 )
                  ( 895.73  267.556 )
                  ( 897.74  268.55 ))))
