         (
            (
               (
                  ( 219.002  601.466 )
                  ( 204.706  600.626 )
                  ( 206.388  606.51 )
                  ( 208.912  611.556 )
                  ( 215.638  615.76 )
                  ( 233.296  616.602 )
                  ( 242.546  616.602 )
                  ( 256.84  615.76 )
                  ( 276.18  618.282 )
                  ( 311.496  619.964 )
                  ( 332.516  624.168 )
                  ( 361.106  635.94 )
                  ( 395.58  646.032 )
                  ( 416.602  663.688 )
                  ( 429.214  668.734 )
                  ( 445.19  672.938 )
                  ( 452.758  669.574 )
                  ( 446.872  662.008 )
                  ( 446.872  655.28 )
                  ( 442.668  651.918 )
                  ( 436.782  647.712 )
                  ( 426.692  640.146 )
                  ( 409.034  626.692 )
                  ( 367.832  592.216 )
                  ( 356.06  572.036 )
                  ( 354.378  558.582 )
                  ( 345.13  547.652 )
                  ( 351.856  539.242 )
                  ( 344.288  536.72 )
                  ( 340.924  539.242 )
                  ( 333.358  544.288 )
                  ( 296.36  557.742 )
                  ( 274.498  572.876 )
                  ( 249.272  587.172 )
                  ( 224.888  593.058 )))
            (
               (
                  ( 305.92  245.044 )
                  ( 297.92  259.544 )
                  ( 300.92  270.544 )
                  ( 314.42  265.044 )
                  ( 335.418  271.044 )
                  ( 364.916  272.042 )
                  ( 401.414  279.042 )
                  ( 417.414  280.042 )
                  ( 426.914  266.544 )
                  ( 437.914  255.544 )
                  ( 438.914  246.544 )
                  ( 448.412  247.544 )
                  ( 457.412  244.044 )
                  ( 455.912  239.544 )
                  ( 455.912  237.544 )
                  ( 452.412  235.544 )
                  ( 451.912  233.544 )
                  ( 448.974  225.858 )
                  ( 443.412  222.046 )
                  ( 432.414  212.546 )
                  ( 423.914  201.046 )
                  ( 412.414  186.547 )
                  ( 403.914  175.548 )
                  ( 397.416  169.048 )
                  ( 389.916  162.049 )
                  ( 384.916  159.049 )
                  ( 383.416  156.549 )
                  ( 377.916  151.549 )
                  ( 373.416  155.049 )
                  ( 367.416  157.049 )
                  ( 348.918  160.049 )
                  ( 334.418  165.548 )
                  ( 318.42  173.048 )
                  ( 307.92  180.548 )
                  ( 306.42  189.047 )
                  ( 303.92  195.047 )
                  ( 302.92  201.046 )
                  ( 299.42  207.046 )
                  ( 300.92  210.546 )
                  ( 305.92  216.046 )
                  ( 306.92  220.546 )
                  ( 309.42  224.046 )
                  ( 306.42  230.546 )
                  ( 302.92  233.544 )))
            (
               (
                  ( 937.568  250.364 )
                  ( 921.172  262.556 )
                  ( 921.592  266.76 )
                  ( 924.114  268.022 )
                  ( 926.638  268.862 )
                  ( 929.58  270.124 )
                  ( 933.784  269.284 )
                  ( 937.148  271.386 )
                  ( 941.352  269.704 )
                  ( 946.396  265.92 )
                  ( 950.18  264.658 )
                  ( 954.806  260.034 )
                  ( 956.908  254.568 )
                  ( 967.418  244.898 )
                  ( 971.622  239.854 )
                  ( 974.566  237.33 )
                  ( 978.35  231.024 )
                  ( 980.452  225.56 )
                  ( 978.35  218.412 )
                  ( 988.44  221.354 )
                  ( 989.7  215.048 )
                  ( 988.018  212.526 )
                  ( 985.076  208.322 )
                  ( 981.292  204.538 )
                  ( 979.19  202.856 )
                  ( 974.566  201.174 )
                  ( 969.1  199.493 )
                  ( 965.736  198.652 )
                  ( 961.112  198.231 )
                  ( 958.59  202.016 )
                  ( 956.908  207.48 )
                  ( 953.544  214.208 )
                  ( 952.282  236.49 ))))
