
( OBJECT cregion 
   ( ) cregion 
   ( 
      ( 
         ( 
            ( 101.863 623.959 1.39524 S -113.462 -72.1312 ) 
            ( 153.069 499.643 1.39524 T 104.256 214.605 5.14589 1.01359 ) 
            ( 21.2035 459.453 1.39524 S -22.2108 -109.575 ) 
            ( 125.215 418.446 1.39524 R 52.1278 16.3563 9.22479 -1.71015 ) 
            ( 163.807 198.485 1.39524 T 104.256 38.3648 7.0742 -1.77238 ) 
            ( 147.431 73.8187 1.39524 R 52.1278 8.45846 8.22111 -0.667358 ) 
            ( 129.067 -53.3474 1.39524 T 104.256 259.534 -1.50448 2.10239 ) 
            ( -97.6735 -201.903 1.39524 T 104.256 214.605 0.030037 1.35778 ) 
            ( 64.0824 -294.6 1.39524 R 52.1278 16.3563 2.07991 -0.848457 ) 
            ( 49.4002 -446.504 1.39524 T 104.256 38.3648 0.791013 -0.0351782 ) 
            ( 48 -449 1.39524 S 150.955 -255.563 ) 
            ( 326 -345 1.39524 T 104.256 259.534 -2.64066 0.499035 ) 
            ( 265.39 -186.201 1.39524 T 104.256 214.605 2.28292 0.137492 ) 
            ( 292.138 -155.31 1.39524 T 104.256 259.534 2.24083 3.14702 ) ) ) 
      ( 
         ( 
            ( 389.533 537.352 3.048 T 176.788 71.4916 3.53211 0.102626 ) 
            ( 364.576 536.545 3.048 T 176.788 125.857 2.0948 0.966471 ) 
            ( 101.863 623.959 3.048 S -61.8015 117.467 ) 
            ( 152.415 501.23 3.048 T 176.788 71.4916 4.60047 0.808557 ) 
            ( 21.2035 459.453 3.048 S -85.5754 24.788 ) 
            ( 104.088 426.776 3.048 R 88.3942 59.3173 7.57204 -0.809138 ) 
            ( 226.617 319.005 3.048 T 176.788 217.041 5.58681 1.31216 ) 
            ( 258.085 305.337 3.048 R 88.3942 81.6966 8.94978 -1.66807 ) 
            ( 592.319 330.861 3.048 T 176.788 125.857 0.292102 -1.78228 ) 
            ( 755.359 426.432 3.048 R 88.3942 -67.3477 2.21606 -0.118709 ) 
            ( 793.196 446.695 3.048 T 176.788 71.4916 1.76184 -2.12636 ) 
            ( 1064.7 340.487 3.048 R 88.3942 59.3173 1.79849 -0.509637 ) 
            ( 1210.02 322.962 3.048 S -153.29 44.4024 ) 
            ( 1358.49 264.428 3.048 T 176.788 217.041 1.01203 0.870563 ) 
            ( 1244.68 457.554 3.048 S 42.5734 -58.8701 ) 
            ( 1207.79 520.145 3.048 T 176.788 125.857 -3.22191 0.135794 ) 
            ( 1166.91 524.196 3.048 T 176.788 217.041 2.18828 2.2146 ) ) ) 
      ( 
         ( 
            ( 1023.02 62.913 -2.04679 T 87.9516 222.733 2.13711 2.70996 ) 
            ( 859.343 -580.647 -2.04679 S -148.491 -25.2736 ) 
            ( 904.92 -437.082 -2.04679 T 87.9516 164.506 4.74055 1.04848 ) 
            ( 1026.87 -506.476 -2.04679 S -51.1637 -75.1593 ) 
            ( 983.513 -426.56 -2.04679 R 43.9758 16.9997 8.8271 -2.28673 ) 
            ( 1105.4 -227.056 -2.04679 T 87.9516 86.741 6.34311 -0.0866195 ) 
            ( 1105.56 -227.017 -2.04679 R 43.9758 38.9339 8.9326 -1.26786 ) 
            ( 1121.49 -97.1266 -2.04679 T 87.9516 222.733 -1.38406 2.12438 ) 
            ( 1314.4 8.47223 -2.04679 T 87.9516 164.506 0.0297839 1.27781 ) 
            ( 1225.33 101.144 -2.04679 R 43.9758 16.9997 2.18083 -1.92365 ) 
            ( 1358.62 264.13 -2.04679 T 87.9516 86.741 0.0599235 -0.0866195 ) 
            ( 1358.78 264.169 -2.04679 R 43.9758 38.9339 2.64942 -0.0701123 ) 
            ( 1356.91 267.101 -2.04679 S -156.586 -248.493 ) 
            ( 1207.79 520.145 -2.04679 T 87.9516 222.733 -3.87958 1.74248 ) ) ) ) )
