
( OBJECT pmregion 
   ( ) pmregion 
   ( 
      ( 
         ( 3417 409 0 ) 
         ( 2146 302 360000000 ) 
         ( 2211 749 360000000 ) 
         ( 3464 798 0 ) 
         ( 3304 926 0 ) 
         ( 1950 874 360000000 ) 
         ( 1590 709 360000000 ) 
         ( 2845 670 0 ) 
         ( 1697 318 360000000 ) 
         ( 2984 279 0 ) 
         ( 2858 514 720000000 ) 
         ( 2793 801 720000000 ) 
         ( 2569 861 720000000 ) 
         ( 2368 595 720000000 ) 
         ( 2665 347 720000000 ) 
         ( 1963 300 1080000000 ) 
         ( 2117 652 1080000000 ) 
         ( 1943 858 1080000000 ) 
         ( 1439 642 1080000000 ) 
         ( 3419 490 1440000000 ) 
         ( 3364 858 1440000000 ) 
         ( 3299 931 1440000000 ) 
         ( 2835 696 1440000000 ) 
         ( 3208 287 1440000000 ) ) 
      ( 
         ( 21 18 22 ) 
         ( 22 18 23 ) 
         ( 23 18 15 ) 
         ( 15 18 14 ) 
         ( 14 18 13 ) 
         ( 13 18 12 ) 
         ( 12 18 17 ) 
         ( 17 18 21 ) 
         ( 21 22 23 ) 
         ( 20 21 19 ) 
         ( 19 21 23 ) 
         ( 20 17 21 ) 
         ( 23 15 19 ) 
         ( 19 15 16 ) 
         ( 16 15 10 ) 
         ( 10 15 14 ) 
         ( 14 1 10 ) 
         ( 14 8 1 ) 
         ( 13 8 14 ) 
         ( 13 6 8 ) 
         ( 12 6 13 ) 
         ( 5 6 12 ) 
         ( 11 5 12 ) 
         ( 12 17 11 ) 
         ( 11 17 16 ) 
         ( 16 17 20 ) 
         ( 19 16 20 ) 
         ( 11 16 10 ) 
         ( 10 2 11 ) 
         ( 10 1 2 ) 
         ( 2 1 0 ) 
         ( 0 1 9 ) 
         ( 1 8 9 ) 
         ( 9 8 7 ) 
         ( 8 6 7 ) 
         ( 7 6 4 ) 
         ( 4 6 5 ) 
         ( 4 5 2 ) 
         ( 2 5 11 ) 
         ( 4 2 3 ) 
         ( 3 2 0 ) 
         ( 7 4 9 ) 
         ( 9 4 3 ) 
         ( 9 3 0 ) ) ) )
