
( OBJECT pmregion 
   ( ) pmregion 
   ( 
      ( 
         ( 673 138 0 ) 
         ( 2085 356 360000000 ) 
         ( 997 381 0 ) 
         ( 2176 704 360000000 ) 
         ( 913 760 0 ) 
         ( 1926 889 360000000 ) 
         ( 535 904 0 ) 
         ( 1681 795 360000000 ) 
         ( 244 724 0 ) 
         ( 1475 536 360000000 ) 
         ( 205 436 0 ) 
         ( 1779 335 360000000 ) 
         ( 1154 324 720000000 ) 
         ( 1225 586 720000000 ) 
         ( 1101 898 720000000 ) 
         ( 688 583 720000000 ) 
         ( 871 306 720000000 ) 
         ( 1888 374 1080000000 ) 
         ( 2218 642 1080000000 ) 
         ( 1955 869 1080000000 ) 
         ( 1723 816 1080000000 ) 
         ( 1531 521 1080000000 ) 
         ( 961 298 1440000000 ) 
         ( 911 814 1440000000 ) 
         ( 653 952 1440000000 ) 
         ( 331 737 1440000000 ) 
         ( 388 192 1440000000 ) ) 
      ( 
         ( 10 8 0 ) 
         ( 0 8 6 ) 
         ( 0 6 4 ) 
         ( 0 4 2 ) 
         ( 8 10 9 ) 
         ( 9 10 11 ) 
         ( 11 10 0 ) 
         ( 11 0 1 ) 
         ( 1 0 2 ) 
         ( 1 2 3 ) 
         ( 2 4 3 ) 
         ( 3 4 5 ) 
         ( 4 6 5 ) 
         ( 5 6 7 ) 
         ( 6 8 7 ) 
         ( 7 8 9 ) 
         ( 9 15 7 ) 
         ( 16 15 9 ) 
         ( 11 16 9 ) 
         ( 12 16 11 ) 
         ( 1 12 11 ) 
         ( 13 12 1 ) 
         ( 3 13 1 ) 
         ( 3 14 13 ) 
         ( 5 14 3 ) 
         ( 7 14 5 ) 
         ( 7 15 14 ) 
         ( 20 15 21 ) 
         ( 21 15 16 ) 
         ( 14 15 20 ) 
         ( 21 16 17 ) 
         ( 17 16 12 ) 
         ( 17 12 18 ) 
         ( 18 12 13 ) 
         ( 13 14 18 ) 
         ( 18 14 19 ) 
         ( 19 14 20 ) 
         ( 21 25 20 ) 
         ( 20 24 19 ) 
         ( 20 25 24 ) 
         ( 26 25 21 ) 
         ( 17 26 21 ) 
         ( 22 26 17 ) 
         ( 18 22 17 ) 
         ( 18 23 22 ) 
         ( 19 23 18 ) 
         ( 19 24 23 ) 
         ( 24 25 26 ) 
         ( 23 24 22 ) 
         ( 22 24 26 ) ) ) )
