
( points 
   (
      ( -101094.0  65433.0 )
      ( -99413.0  67825.0 )
      ( -95092.0  72910.0 )
      ( -88592.0  60597.0 )
      ( -81869.0  78802.0 )
      ( -79438.0  54474.0 )
      ( -72716.0  81465.0 )
      ( -69548.0  78145.0 )
      ( -69251.0  19542.0 )
      ( -68550.0  -64052.0 )
      ( -68392.0  -59019.0 )
      ( -64271.0  -50672.0 )
      ( -63605.0  32563.0 )
      ( -62684.0  73787.0 )
      ( -62549.0  28854.0 )
      ( -62341.0  81849.0 )
      ( -62297.0  13607.0 )
      ( -61188.0  22417.0 )
      ( -61184.0  37985.0 )
      ( -60821.0  20669.0 )
      ( -60736.0  12480.0 )
      ( -59416.0  -3233.0 )
      ( -59407.0  44322.0 )
      ( -58989.0  82069.0 )
      ( -58782.0  58953.0 )
      ( -58493.0  11973.0 )
      ( -58085.0  45242.0 )
      ( -57916.0  -39207.0 )
      ( -56146.0  -4250.0 )
      ( -55194.0  -35064.0 )
      ( -54422.0  48768.0 )
      ( -54283.0  52884.0 )
      ( -53790.0  9637.0 )
      ( -53320.0  -58412.0 )
      ( -53057.0  83169.0 )
      ( -52177.0  5098.0 )
      ( -50466.0  20669.0 )
      ( -50163.0  78782.0 )
      ( -48846.0  73006.0 )
      ( -48726.0  -311.0 )
      ( -47516.0  53432.0 )
      ( -47473.0  70343.0 )
      ( -47275.0  -8348.0 )
      ( -46929.0  -10479.0 )
      ( -46332.0  -1351.0 )
      ( -45430.0  39041.0 )
      ( -44726.0  -20135.0 )
      ( -44294.0  -13843.0 )
      ( -44054.0  -15805.0 )
      ( -44016.0  -30861.0 )
      ( -42912.0  64957.0 )
      ( -42627.0  -23031.0 )
      ( -42500.0  19961.0 )
      ( -42069.0  52206.0 )
      ( -42002.0  -25355.0 )
      ( -39568.0  59782.0 )
      ( -39095.0  -60707.0 )
      ( -37833.0  -27649.0 )
      ( -37295.0  55713.0 )
      ( -36673.0  29313.0 )
      ( -35190.0  -176.0 )
      ( -32801.0  -24973.0 )
      ( -31881.0  -126.0 )
      ( -31450.0  57815.0 )
      ( -31039.0  -54804.0 )
      ( -30553.0  57668.0 )
      ( -28590.0  58269.0 )
      ( -27482.0  59103.0 )
      ( -26600.0  -20183.0 )
      ( -26134.0  -35558.0 )
      ( -24941.0  76020.0 )
      ( -24913.0  22386.0 )
      ( -24790.0  49896.0 )
      ( -24358.0  -37068.0 )
      ( -23278.0  -50715.0 )
      ( -21841.0  -2004.0 )
      ( -21736.0  -27082.0 )
      ( -21570.0  -16398.0 )
      ( -21117.0  15697.0 )
      ( -19526.0  -22834.0 )
      ( -19402.0  55260.0 )
      ( -19183.0  61466.0 )
      ( -19020.0  -11701.0 )
      ( -18951.0  11863.0 )
      ( -18788.0  -18973.0 )
      ( -18728.0  -462.0 )
      ( -18677.0  4762.0 )
      ( -17963.0  -7689.0 )
      ( -17794.0  -6623.0 )
      ( -17778.0  -13276.0 )
      ( -16877.0  19097.0 )
      ( -16869.0  -43706.0 )
      ( -16043.0  43986.0 )
      ( -16029.0  -4167.0 )
      ( -15992.0  -1629.0 )
      ( -14625.0  -10434.0 )
      ( -14598.0  38231.0 )
      ( -14241.0  -1902.0 )
      ( -14234.0  55015.0 )
      ( -13529.0  105772.0 )
      ( -13329.0  17675.0 )
      ( -13066.0  14861.0 )
      ( -12661.0  -52868.0 )
      ( -12380.0  -45830.0 )
      ( -12255.0  -2026.0 )
      ( -11939.0  -8615.0 )
      ( -11216.0  -7654.0 )
      ( -11070.0  36106.0 )
      ( -11064.0  16742.0 )
      ( -10110.0  -5754.0 )
      ( -9927.0  -61840.0 )
      ( -9465.0  34723.0 )
      ( -9310.0  16002.0 )
      ( -8912.0  86609.0 )
      ( -8537.0  -3064.0 )
      ( -8338.0  14385.0 )
      ( -8176.0  15548.0 )
      ( -8057.0  -1656.0 )
      ( -7793.0  -69790.0 )
      ( -7581.0  32807.0 )
      ( -7529.0  54624.0 )
      ( -7326.0  -9395.0 )
      ( -6661.0  66035.0 )
      ( -5914.0  74631.0 )
      ( -5654.0  30721.0 )
      ( -5190.0  -35258.0 )
      ( -4838.0  54309.0 )
      ( -4677.0  1420.0 )
      ( -3643.0  14016.0 )
      ( -3336.0  25672.0 )
      ( -3250.0  51156.0 )
      ( -2827.0  -32247.0 )
      ( -1467.0  -80930.0 )
      ( -1400.0  45509.0 )
      ( -656.0  -20982.0 )
      ( -614.0  38516.0 )
      ( -512.0  40521.0 )
      ( 786.0  -8994.0 )
      ( 1052.0  29520.0 )
      ( 1086.0  -17993.0 )
      ( 1690.0  -12042.0 )
      ( 1782.0  -91267.0 )
      ( 2157.0  31399.0 )
      ( 2172.0  -8543.0 )
      ( 2743.0  -6090.0 )
      ( 3353.0  13710.0 )
      ( 3400.0  63710.0 )
      ( 3417.0  10796.0 )
      ( 3629.0  -2164.0 )
      ( 4439.0  41107.0 )
      ( 5177.0  -91281.0 )
      ( 5558.0  11251.0 )
      ( 8672.0  38684.0 )
      ( 9181.0  12732.0 )
      ( 9616.0  -90611.0 )
      ( 9895.0  36341.0 )
      ( 10847.0  12890.0 )
      ( 11671.0  -7628.0 )
      ( 11809.0  27340.0 )
      ( 11907.0  34426.0 )
      ( 11941.0  29542.0 )
      ( 11952.0  -8886.0 )
      ( 12609.0  11662.0 )
      ( 12729.0  -12189.0 )
      ( 12754.0  -98580.0 )
      ( 13364.0  -18778.0 )
      ( 13497.0  -20718.0 )
      ( 13948.0  37757.0 )
      ( 14565.0  38867.0 )
      ( 14608.0  23364.0 )
      ( 14742.0  78811.0 )
      ( 15387.0  42899.0 )
      ( 15583.0  -26450.0 )
      ( 16063.0  45801.0 )
      ( 16085.0  79432.0 )
      ( 16465.0  -29221.0 )
      ( 16778.0  11789.0 )
      ( 16997.0  18750.0 )
      ( 17107.0  -89145.0 )
      ( 17711.0  5556.0 )
      ( 18076.0  -1497.0 )
      ( 18537.0  55595.0 )
      ( 18685.0  81485.0 )
      ( 18745.0  49027.0 )
      ( 18801.0  8501.0 )
      ( 18901.0  -38429.0 )
      ( 19654.0  52889.0 )
      ( 19740.0  -108738.0 )
      ( 20143.0  79035.0 )
      ( 20755.0  -104982.0 )
      ( 20794.0  -103617.0 )
      ( 21199.0  18617.0 )
      ( 21561.0  83986.0 )
      ( 21680.0  19731.0 )
      ( 22317.0  21034.0 )
      ( 22763.0  30375.0 )
      ( 23429.0  -47653.0 )
      ( 23677.0  -86785.0 )
      ( 24044.0  -54306.0 )
      ( 24299.0  22616.0 )
      ( 24483.0  -93053.0 )
      ( 24652.0  77552.0 )
      ( 24715.0  -100496.0 )
      ( 25506.0  34966.0 )
      ( 25823.0  87407.0 )
      ( 26111.0  -61360.0 )
      ( 26427.0  76404.0 )
      ( 26456.0  -11862.0 )
      ( 26807.0  -15252.0 )
      ( 26859.0  -70038.0 )
      ( 26877.0  -17982.0 )
      ( 27541.0  -103603.0 )
      ( 27565.0  90630.0 )
      ( 27970.0  -11091.0 )
      ( 28053.0  -26872.0 )
      ( 28121.0  39407.0 )
      ( 28650.0  24160.0 )
      ( 29133.0  70012.0 )
      ( 29290.0  41478.0 )
      ( 29361.0  72934.0 )
      ( 30704.0  -11256.0 )
      ( 30798.0  95606.0 )
      ( 31696.0  -32452.0 )
      ( 32328.0  64623.0 )
      ( 32732.0  -11231.0 )
      ( 32744.0  26365.0 )
      ( 32781.0  62811.0 )
      ( 33405.0  -41320.0 )
      ( 33670.0  -36372.0 )
      ( 33771.0  -84802.0 )
      ( 34237.0  2969.0 )
      ( 34832.0  62048.0 )
      ( 35956.0  48316.0 )
      ( 36026.0  28675.0 )
      ( 36741.0  101270.0 )
      ( 37069.0  -12224.0 )
      ( 37109.0  -45364.0 )
      ( 37396.0  52776.0 )
      ( 37791.0  57277.0 )
      ( 38754.0  30728.0 )
      ( 39150.0  102789.0 )
      ( 39192.0  831.0 )
      ( 39584.0  14715.0 )
      ( 40234.0  -48450.0 )
      ( 40277.0  87309.0 )
      ( 40394.0  92022.0 )
      ( 41123.0  116058.0 )
      ( 41600.0  79400.0 )
      ( 42636.0  32251.0 )
      ( 42958.0  14615.0 )
      ( 43062.0  58226.0 )
      ( 43072.0  -13704.0 )
      ( 44329.0  21335.0 )
      ( 44340.0  -51043.0 )
      ( 44816.0  48313.0 )
      ( 45351.0  -104846.0 )
      ( 45435.0  14513.0 )
      ( 45495.0  -77250.0 )
      ( 46047.0  226.0 )
      ( 46388.0  -16257.0 )
      ( 46653.0  124557.0 )
      ( 47021.0  45887.0 )
      ( 48799.0  69136.0 )
      ( 49424.0  -18106.0 )
      ( 49983.0  31264.0 )
      ( 50297.0  -59540.0 )
      ( 52039.0  -73206.0 )
      ( 52407.0  43979.0 )
      ( 52549.0  -21085.0 )
      ( 53826.0  -79152.0 )
      ( 54433.0  -82670.0 )
      ( 54553.0  -96531.0 )
      ( 55048.0  -89428.0 )
      ( 55126.0  74715.0 )
      ( 55279.0  30827.0 )
      ( 55301.0  -3101.0 )
      ( 55541.0  -64647.0 )
      ( 55551.0  84014.0 )
      ( 55574.0  40978.0 )
      ( 55887.0  18395.0 )
      ( 56047.0  -11289.0 )
      ( 56459.0  -13698.0 )
      ( 56554.0  16243.0 )
      ( 57442.0  -5720.0 )
      ( 57648.0  14539.0 )
      ( 57834.0  -93624.0 )
      ( 58936.0  88115.0 )
      ( 59092.0  -67433.0 )
      ( 59360.0  -21220.0 )
      ( 59601.0  35869.0 )
      ( 61861.0  -90203.0 )
      ( 61999.0  16041.0 )
      ( 62141.0  -14966.0 )
      ( 62450.0  91407.0 )
      ( 62797.0  -3960.0 )
      ( 63613.0  -22768.0 )
      ( 64135.0  -18032.0 )
      ( 65014.0  -87531.0 )
      ( 65261.0  94441.0 )
      ( 65436.0  16261.0 )
      ( 66038.0  -19500.0 )
      ( 66226.0  75847.0 )
      ( 66401.0  31724.0 )
      ( 66505.0  -69401.0 )
      ( 68556.0  74785.0 )
      ( 69014.0  -81999.0 )
      ( 69294.0  -23758.0 )
      ( 69425.0  17762.0 )
      ( 70699.0  -4925.0 )
      ( 70907.0  -70522.0 )
      ( 71465.0  97930.0 )
      ( 72221.0  -24307.0 )
      ( 73971.0  27091.0 )
      ( 74439.0  18967.0 )
      ( 74678.0  -25069.0 )
      ( 75336.0  -6280.0 )
      ( 75733.0  -70981.0 )
      ( 77455.0  16841.0 )
      ( 77923.0  -24679.0 )
      ( 78046.0  19678.0 )
      ( 78515.0  -5655.0 )
      ( 78895.0  -21030.0 )
      ( 79176.0  -64640.0 )
      ( 79805.0  -68627.0 )
      ( 80890.0  -58388.0 )
      ( 81382.0  -16269.0 )
      ( 82656.0  -64441.0 )
      ( 83511.0  -5495.0 )
      ( 83912.0  -12319.0 )
      ( 84119.0  -60386.0 )
      ( 85369.0  19693.0 )
      ( 87763.0  -57692.0 )
      ( 88101.0  19912.0 )
      ( 88699.0  -5335.0 )
      ( 88851.0  -6486.0 )
      ( 89270.0  -71337.0 )
      ( 90364.0  -56364.0 )
      ( 90623.0  -15034.0 )
      ( 90940.0  -13434.0 )
      ( 91580.0  20538.0 )
      ( 91610.0  -16994.0 )
      ( 94117.0  -20508.0 )
      ( 94392.0  23209.0 )
      ( 96205.0  -52556.0 )
      ( 96621.0  -31485.0 )
      ( 97141.0  -26004.0 )
      ( 97384.0  -71597.0 )
      ( 101208.0  -46766.0 )
      ( 101456.0  -35229.0 )
      ( 101831.0  -40005.0 )))
