
( points 
   (
      ( -3560.0  14235.0 )
      ( -3019.0  14499.0 )
      ( -2320.0  14423.0 )
      ( -1288.0  14532.0 )
      ( -649.0  13096.0 )
      ( -521.0  3925.0 )
      ( -267.0  14501.0 )
      ( -19.0  12148.0 )
      ( 307.0  4706.0 )
      ( 656.0  12077.0 )
      ( 863.0  14383.0 )
      ( 1411.0  4770.0 )
      ( 1429.0  14388.0 )
      ( 1478.0  11392.0 )
      ( 2067.0  20278.0 )
      ( 2216.0  11433.0 )
      ( 2265.0  4892.0 )
      ( 2354.0  14384.0 )
      ( 2586.0  19374.0 )
      ( 2768.0  5624.0 )
      ( 2823.0  14355.0 )
      ( 2898.0  18814.0 )
      ( 3147.0  11552.0 )
      ( 3158.0  6358.0 )
      ( 3353.0  13710.0 )
      ( 3389.0  18248.0 )
      ( 3643.0  13248.0 )
      ( 3683.0  11621.0 )
      ( 3770.0  12208.0 )
      ( 3809.0  11037.0 )
      ( 3853.0  10396.0 )
      ( 3971.0  11655.0 )
      ( 3998.0  6655.0 )
      ( 4064.0  17787.0 )
      ( 4072.0  9636.0 )
      ( 4295.0  8137.0 )
      ( 4381.0  9276.0 )
      ( 4399.0  7342.0 )
      ( 4841.0  5591.0 )
      ( 4866.0  11699.0 )
      ( 4911.0  8866.0 )
      ( 4934.0  20186.0 )
      ( 5063.0  17424.0 )
      ( 5070.0  9723.0 )
      ( 5120.0  6066.0 )
      ( 5157.0  10657.0 )
      ( 5355.0  7985.0 )
      ( 5369.0  6535.0 )
      ( 5381.0  7305.0 )
      ( 5448.0  19169.0 )
      ( 5474.0  9961.0 )
      ( 5493.0  9481.0 )
      ( 5501.0  21018.0 )
      ( 5505.0  8963.0 )
      ( 5512.0  10786.0 )
      ( 5586.0  11074.0 )
      ( 5594.0  17068.0 )
      ( 5877.0  10486.0 )
      ( 6056.0  18753.0 )
      ( 6112.0  13947.0 )
      ( 6112.0  16621.0 )
      ( 6122.0  13261.0 )
      ( 6126.0  9130.0 )
      ( 6186.0  12424.0 )
      ( 6197.0  14494.0 )
      ( 6260.0  8516.0 )
      ( 6270.0  9939.0 )
      ( 6301.0  10601.0 )
      ( 6386.0  8065.0 )
      ( 6509.0  18665.0 )
      ( 6647.0  15084.0 )
      ( 6805.0  9248.0 )
      ( 6828.0  15983.0 )
      ( 7000.0  10370.0 )
      ( 7279.0  15571.0 )
      ( 7325.0  18276.0 )
      ( 7451.0  9347.0 )
      ( 7579.0  10400.0 )
      ( 7582.0  17534.0 )
      ( 7658.0  10160.0 )
      ( 7739.0  15167.0 )
      ( 7829.0  16158.0 )
      ( 8030.0  14905.0 )
      ( 8210.0  16788.0 )
      ( 8238.0  9660.0 )
      ( 8395.0  10394.0 )
      ( 8461.0  10844.0 )
      ( 8543.0  14346.0 )
      ( 8667.0  11478.0 )
      ( 8796.0  16239.0 )
      ( 8899.0  13915.0 )
      ( 8985.0  10360.0 )
      ( 8988.0  10323.0 )
      ( 9098.0  11754.0 )
      ( 9180.0  5376.0 )
      ( 9186.0  5979.0 )
      ( 9217.0  8888.0 )
      ( 9226.0  15911.0 )
      ( 9231.0  7085.0 )
      ( 9239.0  13286.0 )
      ( 9240.0  6599.0 )
      ( 9264.0  8033.0 )
      ( 9298.0  4471.0 )
      ( 9306.0  12725.0 )
      ( 9383.0  12049.0 )
      ( 9396.0  9871.0 )
      ( 9423.0  11697.0 )
      ( 9452.0  11808.0 )
      ( 9472.0  3641.0 )
      ( 9491.0  11089.0 )
      ( 9582.0  10220.0 )
      ( 9602.0  15110.0 )
      ( 9828.0  14659.0 )
      ( 9829.0  11957.0 )
      ( 9883.0  9494.0 )
      ( 10157.0  13817.0 )
      ( 10337.0  11730.0 )
      ( 10386.0  13334.0 )
      ( 10529.0  10306.0 )
      ( 10684.0  9295.0 )
      ( 10818.0  13516.0 )
      ( 10827.0  11864.0 )
      ( 10843.0  18001.0 )
      ( 10870.0  10915.0 )
      ( 10890.0  15097.0 )
      ( 10934.0  17049.0 )
      ( 10936.0  14074.0 )
      ( 10954.0  12399.0 )
      ( 10967.0  12812.0 )
      ( 10983.0  15984.0 )
      ( 11068.0  12895.0 )
      ( 11203.0  11611.0 )
      ( 11362.0  12172.0 )
      ( 11370.0  10398.0 )
      ( 11640.0  12743.0 )
      ( 11651.0  9729.0 )
      ( 11837.0  8980.0 )
      ( 11942.0  8248.0 )
      ( 12076.0  10426.0 )
      ( 12126.0  7596.0 )
      ( 12192.0  12538.0 )
      ( 12358.0  6895.0 )
      ( 12518.0  8482.0 )
      ( 12871.0  7943.0 )
      ( 12986.0  10636.0 )
      ( 13049.0  7140.0 )
      ( 13054.0  12397.0 )
      ( 13262.0  6390.0 )
      ( 13506.0  11159.0 )
      ( 13582.0  3543.0 )
      ( 13592.0  5253.0 )
      ( 13643.0  4410.0 )
      ( 13792.0  12290.0 )
      ( 13933.0  2673.0 )
      ( 14508.0  12185.0 )
      ( 14600.0  2157.0 )
      ( 15177.0  12089.0 )
      ( 15373.0  2039.0 )
      ( 16013.0  2050.0 )
      ( 16076.0  11953.0 )
      ( 16821.0  1252.0 )
      ( 16866.0  11820.0 )
      ( 17802.0  11316.0 )
      ( 18481.0  10468.0 )
      ( 20172.0  10636.0 )
      ( 21092.0  11261.0 )
      ( 22121.0  12080.0 )
      ( 22933.0  13159.0 )
      ( 22992.0  13762.0 )
      ( 23395.0  14489.0 )
      ( 24067.0  14820.0 )
      ( 24946.0  15113.0 )
      ( 25965.0  15030.0 )))
